101 175 123 52 78 184 202 8 219 15 49 254 86 62
156 213 41 200 123 131 252 186 108 116 39 205 243 120
218 239 201 109 52 173 244 58 185 18 64 209 165 222
81 136 247 149 183 206 164 214 179 121 176 200 89 128
61 224 221 103 114 170 88 133 117 30 104 46 19 151
99 111 41 180 188 1 32 27 100 241 97 56 22 10
26 238 248 155 154 106 123 52 78 66 125 225 193 190
54 127 159 3 34 152 41 200 123 146 94 90 195 199
105 191 212 23 194 207 201 109 52 231 95 250 150 55
51 227 204 36 80 253 160 215 153 236 124 71 98 75
249 47 168 13 211 59 87 240 228 68 63 218 156 101
148 141 91 115 40 38 197 137 83 123 158 239 213 175
157 129 12 5 147 109 33 134 77 144 101 175 123 123
135 177 9 45 123 52 78 118 73 232 156 213 123 182
167 162 96 174 41 200 123 11 16 122 218 239 175 161
139 132 44 25 201 109 52 201 216 78 142 138 84 234
72 4 29 52 119 79 42 233 235 140 112 187 21 198